#1
112 514 422
114 136 132 
114 613 251
114 622 322
115 442 441
115 334 332
116 244 232
116 235 352 152
116 343 243
116 361 326 
116 523 615
116 325 353
116 433 312
123 145 345
123 523 652
123 424 411
123 361 331
123 523 164
124 343 136 246
124 154 616
124 245 242 
124 343 121
124 154 536 
125 253 354
125 541 154 543
126 613 564
126 343 116
131 622 336 
132 415 445
132 352 621 
132 541 116
133 226 634
134 532 462
135 613 155
141 145 651
143 145 216
144 343 515 
146 523 153
146 424 441 
151 541 563
151 334 146
151 415 455
152 154 511
152 514 124 
153 325 624
153 514 123
155 262 544
155 325 231
155 433 554
156 532 165
156 262 114 
161 613 641 
162 415 522
162 145 665
164 451 666
165 316 345
165 352 142

#2
211 622 113
211 244 351
211 136 424 261
215 541 452
216 325 231
216 253 363
216 163 311 
222 136 622 554
222 235 133
222 145 564
223 451 221
223 325 356
225 145 265
231 451 464
232 352 252
233 442 566
233 631 315
233 451 244 416
234 316 144
236 136 445
236 253 456
236 424 263
241 352 455
241 226 125
242 433 563
242 622 546
243 343 336
243 235 215 361 441 415 324 
243 523 364
246 262 212 
252 451 542
255 343 331
255 424 235 444
255 244 556
256 622 633
261 253 514 635
263 541 444
263 451 422
263 334 461
264 433 365 
264 532 165 
264 415 424 365 
265 262 416

#3
311 262 136 636
311 523 414
311 325 425
312 316 664
312 262 641
312 244 143
312 226 464
312 433 162 
313 613 144
314 136 665
315 631 512
321 415 546
321 253 312
321 541 343 264
322 631 325 152 
322 253 154 241
323 226 543 
323 316 431
324 451 256
324 316 611
323 235 432
331 442 624
332 541 451 423 
333 145 353 
333 514 456
333 433 226 166
335 613 661
336 541 323
336 325 525
336 415 253 626 
336 325 154 656
336 154 412 
341 433 531
341 523 516
344 622 631 144 613 166
344 334 141 
345 262 155 
345 136 566
351 451 551
351 334 114
351 244 123
351 361 661
353 361 611
355 253 544
355 361 161
355 523 325 133
356 451 336
356 523 642 
362 334 655 
362 451 531 
363 514 666 
363 532 454 
364 613 536
364 361 126
365 334 522
365 433 126
366 316 143
366 262 141

#4
411 442 225 
412 334 462
412 154 434
412 343 413
414 253 365
414 325 626
414 541 316 514 515 
416 325 525
416 523 146 
416 226 541 256
416 424 226 331 
422 631 232
423 361 556 
426 334 636
426 235 562
431 253 512 
431 253 614
432 325 244 144
432 253 434
461 433 441
434 352 662
434 154 631 134 
435 253 316 266
436 514 611 
436 235 625
436 154 521
441 433 525
441 613 322 
443 343 513
443 442 113
444 154 362 
446 361 544
446 244 346 
446 316 536
452 424 636
453 424 332 
453 253 662
453 334 351
454 424 644
455 442 341
456 145 263
456 235 646 
456 532 226 154 566
461 145 654
461 622 542
462 145 345
462 154 366
464 433 653
464 244 221
465 631 344
465 532 515

#5
511 451 144
512 253 123
512 352 625
512 622 461
512 325 365 
513 442 465
513 523 636
513 325 531
516 163 513
516 433 255
521 145 354
521 226 441
521 352 424 154 342 
522 334 316 125 
522 145 631 612 
524 226 251 334 531
524 514 611 
526 442 453
526 136 155 
531 235 534
533 613 462
533 316 624 
535 541 215
536 523 416
536 226 456
542 433 323 
543 514 465 
545 541 233 
546 541 343 512
544 361 163 165 
544 451 222
546 415 156 
546 451 254
551 325 533 
552 532 323
552 352 212
552 523 255
553 235 211
554 613 666
555 253 546
555 523 542
555 235 441
556 262 355
556 235 234
556 352 364
556 361 334 155
566 415 566
566 316 646
561 226 322
561 244 516
561 136 253 151
562 244 266
522 622 413
566 361 314 433 665

#6
611 145 631 622 431
612 361 235 343 651
612 244 563
614 235 632
614 325 324
616 613 452
621 514 461
623 541 622 426
623 316 454
623 442 646 
623 262 416 
624 541 123
625 415 244 666
626 415 526 
626 361 432
632 415 226 342 
633 261 334
633 145 425
633 451 322
633 352 566
633 154 616
634 541 612
634 514 662
635 136 352 516 
635 343 313 
635 514 352 462
636 361 444
641 226 265
642 316 234
643 154 265
643 343 245
643 433 451 113
643 532 212
644 541 153
644 154 164 
645 163 262 514 622
646 325 641
646 514 463 
646 442 453 
646 244 541 623
652 235 354
652 523 536
652 343 234 
653 334 311
653 451 333
654 154 166
654 415 114
654 154 232 
655 136 222
656 226 366 
656 253 232
656 415 266
662 244 453 
663 253 516
665 262 152
665 442 651
665 424 211
665 226 132
665 235 546
665 442 212
666 532 513
666 325 153
666 622 325 461
